1000
10
12
30
35
27
8
45
50
48
35
29
23
43
1
46
31
43
35
46
35
3
3
4
22
36
28
13
15
19
17
3
8
29
1 8 5
2 13 3
3 10 20
4 7 4
5 2 7
6 2 2
7 13 17
8 9 16
9 12 1
10 8 14
11 2 13
12 5 6
13 2 7
14 8 19
15 7 18
16 6 19
17 14 15
18 4 3
19 14 15
20 11 17
21 8 8
22 15 15
23 6 9
24 15 9
25 1 19
26 12 7
27 1 6
28 12 18
29 15 16
30 8 16
31 11 20
32 12 19
33 14 20
34 2 19
35 9 7
36 2 6
37 1 17
38 5 13
39 2 1
40 6 9
41 1 2
42 11 13
43 10 19
44 2 4
45 10 1
46 14 20
47 5 17
48 13 5
49 1 11
50 13 9
51 10 2
52 1 15
53 15 17
54 15 6
55 14 20
56 9 19
57 14 1
58 7 13
59 10 5
60 8 6
61 1 18
62 15 5
63 15 14
64 15 10
65 2 4
66 1 6
67 10 16
68 12 6
69 5 11
70 1 13
71 1 17
72 2 4
73 4 15
74 13 8
75 14 15
76 8 4
77 9 9
78 11 18
79 10 2
80 8 11
81 12 10
82 6 14
83 15 7
84 14 9
85 5 2
86 7 20
87 15 5
88 10 18
89 6 14
90 1 1
91 10 10
92 2 3
93 6 17
94 3 5
95 5 12
96 2 6
97 1 2
98 6 17
99 15 10
100 11 9
101 11 19
102 15 20
103 15 6
104 4 5
105 6 14
106 7 10
107 11 13
108 10 18
109 11 9
110 7 10
111 5 8
112 8 20
113 6 18
114 11 12
115 9 13
116 8 1
117 13 4
118 12 17
119 15 1
120 8 12
121 11 10
122 4 13
123 14 10
124 5 15
125 8 3
126 1 17
127 10 3
128 8 2
129 13 15
130 4 11
131 15 6
132 9 2
133 9 15
134 1 10
135 5 3
136 12 1
137 14 7
138 5 10
139 11 15
140 14 13
141 12 19
142 6 19
143 14 20
144 5 6
145 14 13
146 8 5
147 10 11
148 2 11
149 6 9
150 10 12
151 8 13
152 9 7
153 4 9
154 3 6
155 8 11
156 8 11
157 6 10
158 9 6
159 9 9
160 6 15
161 13 11
162 4 15
163 6 17
164 10 18
165 5 16
166 12 8
167 1 5
168 11 19
169 10 13
170 2 19
171 5 14
172 5 15
173 14 18
174 13 4
175 3 3
176 13 11
177 15 17
178 15 18
179 13 1
180 7 10
181 11 8
182 7 16
183 15 14
184 7 9
185 6 3
186 3 12
187 8 17
188 3 3
189 11 10
190 12 4
191 10 4
192 6 9
193 2 2
194 6 17
195 12 13
196 1 9
197 7 14
198 10 16
199 7 3
200 7 4
201 7 4
202 5 16
203 7 12
204 4 17
205 7 17
206 7 18
207 7 17
208 1 4
209 8 4
210 7 19
211 3 17
212 3 19
213 12 4
214 7 8
215 3 3
216 13 14
217 6 17
218 14 9
219 15 19
220 12 13
221 15 9
222 5 7
223 7 8
224 7 15
225 11 13
226 10 10
227 11 4
228 13 2
229 7 6
230 9 16
231 8 11
232 9 5
233 14 10
234 8 10
235 15 2
236 10 15
237 15 16
238 13 6
239 3 14
240 12 5
241 8 17
242 9 18
243 10 14
244 9 19
245 9 19
246 9 7
247 6 15
248 13 11
249 1 16
250 15 15
251 9 14
252 6 18
253 15 13
254 5 4
255 13 7
256 14 7
257 15 2
258 14 6
259 12 14
260 9 6
261 7 10
262 14 4
263 11 6
264 14 3
265 8 14
266 2 1
267 14 18
268 15 20
269 2 5
270 14 12
271 13 4
272 3 17
273 10 14
274 12 4
275 14 18
276 4 11
277 14 4
278 9 14
279 11 20
280 11 6
281 13 4
282 11 3
283 3 8
284 8 7
285 14 18
286 3 6
287 1 7
288 14 17
289 12 7
290 15 11
291 14 20
292 1 14
293 10 6
294 12 16
295 15 14
296 1 9
297 10 18
298 14 2
299 12 6
300 8 20
301 10 17
302 12 15
303 14 10
304 3 15
305 4 3
306 5 4
307 4 17
308 13 9
309 5 16
310 4 11
311 15 16
312 7 19
313 5 15
314 12 2
315 2 20
316 11 6
317 6 18
318 12 11
319 9 14
320 6 7
321 1 2
322 6 10
323 14 20
324 10 5
325 10 5
326 5 16
327 15 6
328 1 4
329 7 18
330 12 3
331 9 18
332 3 16
333 7 19
334 2 17
335 5 12
336 11 20
337 15 6
338 1 15
339 2 10
340 14 11
341 14 6
342 12 5
343 13 12
344 1 15
345 1 17
346 12 9
347 11 17
348 15 4
349 12 11
350 8 11
351 14 8
352 13 10
353 10 15
354 10 1
355 15 3
356 6 10
357 3 9
358 2 11
359 13 19
360 12 13
361 12 13
362 14 5
363 6 18
364 8 8
365 5 20
366 10 5
367 9 12
368 14 3
369 12 18
370 13 3
371 8 6
372 14 12
373 4 2
374 9 6
375 15 10
376 6 7
377 13 4
378 3 3
379 8 2
380 12 4
381 9 12
382 13 12
383 13 13
384 5 1
385 3 17
386 3 15
387 4 19
388 11 8
389 15 20
390 15 12
391 9 7
392 3 3
393 15 20
394 8 14
395 6 19
396 2 14
397 2 16
398 8 17
399 1 12
400 7 3
401 5 12
402 4 14
403 10 14
404 8 1
405 10 17
406 7 6
407 11 1
408 15 17
409 12 17
410 1 5
411 3 19
412 15 9
413 15 7
414 2 7
415 3 14
416 9 10
417 2 17
418 8 6
419 2 15
420 3 19
421 13 2
422 14 18
423 2 15
424 2 14
425 4 17
426 15 3
427 10 19
428 8 1
429 6 20
430 7 15
431 3 7
432 14 9
433 3 18
434 6 5
435 4 15
436 15 19
437 1 10
438 8 18
439 9 14
440 8 7
441 10 12
442 1 17
443 5 4
444 4 7
445 3 8
446 9 7
447 9 17
448 15 9
449 12 12
450 15 10
451 11 19
452 8 14
453 3 8
454 13 11
455 1 5
456 15 3
457 3 2
458 14 9
459 15 19
460 8 7
461 11 1
462 13 12
463 7 19
464 15 15
465 7 16
466 10 20
467 4 4
468 13 13
469 1 15
470 8 12
471 6 4
472 4 18
473 6 4
474 13 2
475 9 5
476 14 20
477 5 13
478 8 14
479 7 14
480 13 5
481 4 4
482 14 2
483 8 16
484 4 10
485 5 8
486 8 20
487 9 18
488 9 1
489 11 7
490 2 15
491 11 2
492 1 16
493 10 20
494 4 18
495 13 8
496 4 1
497 7 18
498 14 19
499 13 19
500 13 15
501 3 13
502 11 13
503 15 15
504 15 11
505 3 19
506 7 3
507 15 14
508 5 6
509 5 10
510 15 17
511 8 9
512 9 9
513 6 14
514 4 10
515 14 18
516 4 1
517 5 2
518 11 20
519 11 10
520 7 8
521 3 10
522 2 20
523 10 4
524 2 19
525 13 12
526 7 10
527 12 15
528 10 9
529 5 8
530 3 3
531 13 14
532 10 7
533 5 20
534 13 2
535 7 19
536 11 1
537 15 14
538 2 14
539 2 9
540 7 10
541 5 18
542 11 3
543 4 13
544 1 3
545 10 20
546 10 9
547 15 12
548 1 11
549 8 13
550 2 4
551 9 4
552 7 15
553 8 8
554 9 14
555 11 12
556 15 7
557 12 18
558 14 5
559 15 11
560 15 9
561 1 16
562 15 7
563 12 5
564 3 2
565 4 9
566 10 4
567 15 13
568 4 2
569 1 19
570 7 8
571 10 2
572 10 11
573 9 15
574 13 8
575 13 19
576 8 20
577 4 9
578 11 13
579 13 3
580 4 14
581 9 10
582 4 8
583 13 7
584 14 15
585 10 7
586 7 7
587 3 8
588 9 18
589 15 16
590 2 12
591 9 17
592 1 20
593 15 16
594 12 10
595 1 5
596 5 14
597 11 3
598 1 8
599 15 1
600 12 6
601 2 16
602 4 7
603 10 13
604 6 9
605 10 13
606 12 14
607 1 2
608 15 5
609 15 16
610 11 20
611 2 20
612 15 17
613 8 17
614 12 4
615 12 10
616 6 15
617 10 5
618 1 12
619 7 17
620 5 16
621 6 4
622 11 1
623 5 17
624 12 6
625 12 15
626 2 15
627 14 1
628 9 8
629 7 12
630 3 5
631 11 4
632 15 18
633 10 12
634 9 16
635 5 20
636 8 12
637 13 16
638 14 20
639 12 13
640 5 16
641 2 2
642 12 12
643 7 5
644 12 11
645 1 14
646 15 9
647 7 6
648 1 16
649 5 6
650 8 9
651 12 18
652 3 20
653 3 16
654 4 16
655 3 15
656 6 14
657 13 13
658 3 2
659 14 9
660 2 17
661 12 18
662 10 11
663 14 2
664 3 5
665 9 13
666 3 15
667 10 5
668 14 14
669 13 4
670 9 20
671 1 12
672 11 18
673 1 3
674 9 4
675 3 2
676 12 4
677 10 16
678 1 15
679 14 4
680 9 7
681 6 11
682 12 17
683 8 7
684 10 20
685 11 10
686 11 13
687 1 8
688 15 8
689 10 1
690 7 4
691 2 3
692 10 1
693 1 5
694 10 11
695 13 13
696 13 15
697 6 19
698 8 15
699 10 4
700 1 7
701 4 8
702 6 6
703 1 1
704 4 17
705 6 17
706 6 2
707 11 20
708 10 13
709 9 9
710 9 4
711 14 1
712 15 1
713 6 13
714 15 7
715 1 12
716 11 1
717 9 16
718 14 14
719 6 4
720 11 8
721 2 11
722 2 2
723 15 16
724 15 5
725 6 10
726 13 1
727 5 10
728 6 12
729 12 7
730 8 9
731 3 3
732 7 9
733 4 20
734 12 6
735 13 4
736 11 14
737 14 7
738 2 15
739 14 13
740 12 9
741 7 19
742 15 11
743 5 2
744 12 1
745 9 12
746 12 18
747 14 3
748 6 4
749 7 8
750 2 16
751 1 7
752 1 17
753 15 7
754 3 18
755 10 14
756 8 1
757 15 19
758 4 4
759 11 17
760 12 1
761 3 18
762 13 14
763 10 4
764 9 13
765 13 10
766 3 5
767 13 8
768 3 12
769 11 16
770 1 5
771 4 11
772 13 5
773 14 1
774 14 1
775 14 5
776 3 9
777 2 11
778 2 13
779 11 2
780 10 20
781 12 4
782 11 11
783 6 9
784 5 16
785 4 15
786 13 4
787 12 10
788 9 6
789 2 9
790 3 2
791 8 11
792 15 6
793 13 3
794 10 10
795 10 14
796 14 8
797 7 4
798 13 19
799 7 12
800 11 7
801 14 10
802 8 15
803 1 3
804 12 12
805 6 10
806 9 15
807 12 15
808 5 16
809 8 1
810 15 2
811 9 5
812 6 2
813 13 18
814 2 12
815 12 9
816 5 20
817 4 12
818 11 9
819 4 18
820 13 16
821 14 18
822 5 2
823 12 1
824 2 1
825 6 13
826 12 6
827 12 14
828 4 16
829 12 2
830 4 5
831 1 9
832 1 1
833 12 1
834 6 18
835 10 13
836 8 20
837 15 15
838 1 14
839 5 9
840 14 8
841 1 8
842 8 9
843 11 4
844 5 4
845 15 15
846 13 7
847 8 3
848 2 7
849 1 8
850 11 5
851 2 20
852 10 14
853 14 17
854 12 9
855 3 12
856 13 10
857 11 12
858 14 12
859 15 15
860 12 12
861 9 15
862 13 4
863 14 17
864 12 4
865 6 17
866 9 7
867 1 5
868 7 10
869 3 10
870 10 10
871 12 17
872 15 12
873 10 10
874 5 15
875 14 2
876 1 12
877 3 15
878 7 16
879 11 8
880 15 6
881 9 20
882 15 12
883 1 16
884 1 8
885 1 2
886 8 19
887 15 9
888 2 9
889 3 9
890 10 13
891 7 20
892 6 9
893 15 3
894 9 17
895 15 15
896 10 6
897 6 19
898 2 1
899 6 9
900 9 11
901 2 18
902 1 3
903 13 15
904 1 15
905 8 18
906 7 4
907 12 14
908 7 3
909 1 7
910 5 18
911 14 14
912 8 19
913 14 11
914 10 9
915 1 20
916 2 4
917 2 4
918 1 6
919 3 8
920 5 20
921 10 18
922 8 14
923 6 6
924 8 19
925 5 19
926 6 18
927 9 10
928 6 7
929 12 7
930 3 14
931 1 19
932 12 14
933 12 14
934 14 12
935 3 10
936 1 18
937 4 6
938 3 2
939 6 10
940 15 15
941 14 15
942 4 12
943 1 12
944 6 7
945 8 18
946 15 16
947 3 8
948 9 1
949 13 20
950 12 5
951 9 3
952 4 8
953 13 16
954 14 10
955 8 20
956 12 6
957 9 20
958 4 1
959 1 19
960 12 1
961 1 18
962 1 3
963 12 4
964 1 9
965 15 7
966 8 4
967 9 7
968 13 8
969 9 11
970 15 11
971 15 6
972 6 15
973 2 17
974 7 20
975 10 5
976 10 3
977 12 7
978 12 10
979 2 12
980 8 17
981 9 2
982 10 19
983 3 2
984 14 2
985 9 8
986 4 5
987 15 20
988 6 13
989 3 17
990 2 2
991 6 3
992 14 14
993 11 1
994 8 3
995 14 12
996 6 2
997 13 10
998 1 13
999 13 11
1000 11 18
